12334345454
12312423546512334345454
12312423546512334345454
12312423546512334345454
12312423546512334345454
12312423546512334345454
12312423546512334345454
12312423546512334345454
12312423546512334345454
12312423546512334345454
12312423546512334345454
12312423546512334345454
12312423546512334345454
12312423546512334345454
12312423546512334345454
12312423546512334345454
12312423546512334345454
12312423546512334345454
12312423546512334345454
12312423546512334345454
12312423546512334345454
12312423546512334345454
12312423546512334345454
12312423546512334345454
12312423546512334345454
12312423546512334345454
12312423546512334345454
12312423546512334345454
12312423546512334345454
12312423546512334345454
12312423546512334345454
12312423546512334345454
12312423546512334345454
12312423546512334345454
12312423546512334345454
12312423546512334345454
12312423546512334345454
12312423546512334345454
12312423546512334345454
12312423546512334345454
12312423546512334345454
12312423546512334345454
12312423546512334345454
12312423546512334345454
12312423546512334345454
12312423546512334345454
12312423546512334345454
12312423546512334345454
12312423546512334345454
12312423546512334345454
12312423546512334345454
12312423546512334345454
12312423546512334345454
12312423546512334345454
12312423546512334345454
12312423546512334345454
12312423546512334345454
12312423546512334345454
12312423546512334345454
12312423546512334345454
12312423546512334345454
12312423546512334345454
12312423546512334345454
12312423546512334345454
12312423546512334345454
12312423546512334345454
12312423546512334345454
12312423546512334345454
12312423546512334345454
12312423546512334345454
12312423546512334345454
12312423546512334345454
12312423546512334345454
12312423546512334345454
12312423546512334345454
12312423546512334345454
12312423546512334345454
12312423546512334345454
12312423546512334345454
12312423546512334345454
12312423546512334345454
12312423546512334345454
12312423546512334345454
12312423546512334345454
12312423546512334345454
12312423546512334345454
12312423546512334345454
12312423546512334345454
12312423546512334345454
12312423546512334345454
12312423546512334345454
12312423546512334345454
12312423546512334345454
12312423546512334345454
12312423546512334345454
12312423546512334345454
12312423546512334345454
12312423546512334345454
12312423546512334345454
12312423546512334345454
12312423546512334345454
12312423546512334345454
12312423546512334345454
12312423546512334345454
12312423546512334345454
12312423546512334345454
12312423546512334345454
12312423546512334345454
12312423546512334345454
12312423546512334345454
12312423546512334345454
12312423546512334345454
12312423546512334345454
12312423546512334345454
12312423546512334345454
12312423546512334345454
12312423546512334345454
12312423546512334345454
12312423546512334345454
12312423546512334345454
12312423546512334345454
12312423546512334345454
123124235464
